Idx	Frequency	Coverage (%)	Phrase
1	61487	8.74	的
2	59667	10.32	了
3	44913	11.13	，
4	26806	12.03	是
5	25122	12.66	在
6	19204	13.24	會
7	18328	13.82	我
8	16609	14.33	有
9	15954	14.82	就
10	15625	15.37	很
11	14874	15.79	到
12	13910	16.27	都
13	12144	16.47	。
14	11512	16.86	也
15	10734	17.28	要
16	8843	17.55	能
17	8821	17.79	和
18	8718	18.11	去
19	8633	18.42	還
20	8410	18.60	、
21	8343	18.89	個
22	8288	19.15	上
23	6542	19.33	但
24	6282	19.55	想
25	6139	19.74	來
26	6050	19.93	所以
27	6005	20.13	着
28	5927	20.33	裏
29	5826	20.56	過
30	5558	20.78	得
31	5357	20.96	因爲
32	5262	21.15	這
33	4520	21.27	對
34	4455	21.41	一
35	4409	21.53	而
36	4307	21.69	可以
37	4297	21.83	人
38	4178	22.00	她
39	4160	22.15	們
40	4091	22.30	地
41	4036	22.45	好
42	3944	22.60	他
43	3938	22.74	但是
44	3932	22.89	不
45	3836	23.01	用
46	3812	23.13	中
47	3702	23.27	說
48	3640	23.43	做
49	3616	23.56	又
50	3566	23.70	那
51	3548	23.71	”
52	3516	23.83	多
53	3506	23.95	時
54	3397	24.05	讓
55	3358	24.16	雖然
56	3315	24.25	並
57	3139	24.37	看
58	3050	24.48	之
59	3019	24.60	再
60	3013	24.72	一個
61	3000	24.80	從
62	2991	24.86	把
63	2981	25.00	開始
64	2936	25.12	卻
65	2896	25.23	而且
66	2873	25.37	已經
67	2844	25.46	“
68	2822	25.54	以
69	2807	25.65	更
70	2791	25.75	後
71	2766	25.86	它
72	2731	25.98	覺得
73	2722	26.08	種
74	2719	26.16	爲
75	2698	26.28	呢
76	2694	26.39	還是
77	2678	26.50	,
78	2657	26.61	只
79	2622	26.68	當
80	2615	26.78	些
81	2454	26.86	大
82	2430	26.94	出
83	2421	27.04	起
84	2419	27.12	給
85	2345	27.21	下
86	2299	27.28	如果
87	2258	27.39	沒
88	2253	27.51	嗎
89	2185	27.60	被
90	2128	27.69	現在
91	2106	27.78	沒有
92	2085	27.88	完
93	2066	27.96	家
94	2035	28.05	學
95	1992	28.12	的時候
96	1990	28.22	你
97	1933	28.30	太
98	1928	28.37	自己
99	1911	28.45	點
100	1890	28.53	：
101	1885	28.59	將
102	1875	28.65	習
103	1839	28.73	吧
104	1832	28.81	才
105	1776	28.89	學習
106	1767	28.98	吃
107	1764	29.05	我們
108	1761	29.12	話
109	1753	29.19	？
110	1752	29.27	成
111	1751	29.34	像
112	1738	29.41	跟
113	1732	29.47	於
114	1701	29.51	與
115	1661	29.57	子
116	1644	29.64	天
117	1627	29.71	然後
118	1616	29.78	寫
119	1613	29.86	一起
120	1602	29.94	正
121	1585	30.00	因
122	1560	30.05	候
123	1556	30.11	次
124	1547	30.17	並且
125	1512	30.24	纔
126	1496	30.29	使
127	1489	30.34	！
128	1480	30.41	還有
129	1464	30.47	部
130	1440	30.52	他們
131	1439	30.57	面
132	1438	30.64	應該
133	1437	30.71	非常
134	1418	30.78	回
135	1408	30.85	請
136	1408	30.92	很多
137	1407	30.98	到了
138	1406	31.05	住
139	1355	31.09	所
140	1339	31.14	語
141	1319	31.20	件
142	1304	31.24	 
143	1298	31.30	工作
144	1298	31.35	最
145	1287	31.40	這樣
146	1283	31.46	一下
147	1279	31.53	真
148	1273	31.59	打
149	1272	31.63	的話
150	1265	31.69	需要
151	1261	31.76	喜歡
152	1255	31.81	事
153	1251	31.86	，我
154	1251	31.91	這個
155	1250	31.97	什麼
156	1249	32.01	一些
157	1233	32.06	需
158	1228	32.12	生
159	1225	32.19	正在
160	1217	32.25	可
161	1216	32.30	的是
162	1213	32.36	都會
163	1212	32.42	本
164	1209	32.47	希望
165	1208	32.47	《
166	1200	32.51	間
167	1173	32.57	》
168	1165	32.61	樣
169	1160	32.66	於是
170	1158	32.72	現
171	1149	32.76	小
172	1146	32.81	不過
173	1117	32.86	我的
174	1106	32.91	感到
175	1102	32.95	向
176	1099	32.99	就會
177	1094	33.05	啊
178	1089	33.10	篇
179	1080	33.15	關於
180	1078	33.20	放
181	1077	33.25	且
182	1077	33.30	參加
183	1067	33.34	方
184	1059	33.40	坐
185	1058	33.43	性
186	1058	33.48	感
187	1045	33.52	作
188	1043	33.57	一直
189	1043	33.61	因此
190	1039	33.66	見
191	1035	33.71	發
192	1035	33.74	等
193	1035	33.79	之後
194	1018	33.83	一樣
195	1016	33.87	走
196	1016	33.92	開
197	1014	33.97	文
198	1006	34.02	感覺
199	1003	34.07	該
200	1002	34.11	其他
201	1002	34.16	前
202	996	34.21	這是
203	996	34.25	邊
204	996	34.29	每
205	990	34.33	通過
206	983	34.38	聽
207	982	34.41	位
208	981	34.46	來說
209	980	34.50	或
210	977	34.54	受
211	975	34.59	然
212	975	34.64	變
213	966	34.68	認爲
214	962	34.71	相
215	962	34.75	的人
216	957	34.79	時間
217	947	34.84	先
218	946	34.90	大家
219	925	34.94	道
220	921	34.98	字
221	911	35.02	門
222	910	35.06	能夠
223	909	35.10	知道
224	903	35.13	以及
225	899	35.17	既
226	894	35.20	情
227	884	35.25	玩
228	884	35.30	買
229	877	35.34	變得
230	877	35.38	那麼
231	875	35.41	可能
232	866	35.45	份
233	866	35.49	東西
234	856	35.53	經
235	850	35.55	由於
236	845	35.59	別
237	836	35.63	中文
238	835	35.67	少
239	835	35.71	或者
240	833	35.74	起來
241	831	35.78	高
242	823	35.82	經常
243	815	35.85	時候
244	809	35.89	比較
245	809	35.93	期
246	806	35.96	同
247	805	36.00	帶
248	802	36.04	剛
249	787	36.07	張
250	786	36.12	教
251	780	36.15	都是
252	778	36.19	年
253	776	36.23	只有
254	772	36.26	兒
255	772	36.29	心
256	768	36.34	打算
257	760	36.37	進行
258	759	36.40	長
259	757	36.43	花
260	753	36.47	就是
261	748	36.50	地方
262	739	36.55	練習
263	739	36.58	找
264	739	36.63	喝
265	739	36.66	發現
266	739	36.71	叫
267	734	36.75	哪
268	731	36.79	送
269	731	36.82	條
270	730	36.85	事情
271	725	36.88	國
272	719	36.92	待
273	717	36.96	隻
274	716	37.00	漢語
275	716	37.03	進
276	715	37.07	認
277	710	37.10	自
278	707	37.13	達
279	689	37.15	由
280	685	37.19	快
281	685	37.22	以後
282	682	37.26	離
283	675	37.29	應
284	674	37.32	了，
285	673	37.35	今天
286	671	37.39	兩
287	670	37.42	助
288	668	37.45	課
289	667	37.47	爲了
290	665	37.50	度
291	665	37.53	那裏
292	663	37.57	第
293	659	37.60	問
294	658	37.63	行
295	656	37.66	生活
296	654	37.69	都在
297	650	37.72	覺
298	645	37.75	名
299	644	37.78	問題
300	643	37.80	著
301	641	37.83	者
302	640	37.86	一次
303	638	37.90	交
304	636	37.93	場
305	635	37.97	怎麼
306	634	38.00	您
307	622	38.03	最後
308	619	38.05	即使
309	610	38.08	同時
310	610	38.11	讀
311	609	38.14	告訴
312	608	38.17	怎
313	608	38.20	水平
314	605	38.22	掉
315	605	38.25	節
316	604	38.28	中國
317	604	38.30	幫
318	604	38.32	.
319	603	38.35	準備
320	599	38.38	理
321	594	38.41	瞭解
322	594	38.44	的地方
323	591	38.47	可是
324	589	38.50	給我
325	587	38.53	以前
326	585	38.56	繼續
327	581	38.59	提高
328	577	38.63	去了
329	577	38.65	對於
330	576	38.67	入
331	576	38.70	接
332	571	38.73	收
333	571	38.75	新
334	570	38.79	真的
335	569	38.82	麼
336	569	38.84	通
337	568	38.87	比
338	567	38.89	便
339	567	38.92	必須
340	565	38.95	菜
341	565	38.98	首
342	562	39.02	今年
343	562	39.04	則
344	558	39.07	懂
345	558	39.09	因為
346	557	39.12	其中
347	552	39.14	光
348	551	39.17	有點
349	551	39.20	講
350	548	39.23	來自
351	547	39.26	加
352	546	39.28	之前
353	542	39.31	其
354	539	39.33	一點
355	535	39.36	是很
356	533	39.39	其實
357	532	39.41	全
358	532	39.44	日
359	530	39.46	式
360	529	39.49	意
361	528	39.51	成爲
362	525	39.54	發生
363	524	39.56	是否
364	521	39.59	修
365	520	39.62	法
366	520	39.64	此
367	517	39.66	書
368	513	39.68	總
369	513	39.71	這些
370	511	39.73	無法
371	506	39.75	類
372	506	39.77	今
373	504	39.79	樣的
374	503	39.82	飯
375	503	39.84	連
376	501	39.87	的事
377	501	39.89	直
378	500	39.91	力
379	499	39.93	使用
380	498	39.95	處
381	497	39.98	另外
382	496	40.00	歷
383	496	40.03	改
384	495	40.05	分
385	495	40.07	終於
386	490	40.10	最近
387	489	40.12	得到
388	486	40.15	才能
389	484	40.17	也會
390	481	40.20	拿
391	480	40.22	記
392	479	40.25	座
393	477	40.27	定
394	477	40.30	總是
395	476	40.32	體
396	475	40.34	一般
397	473	40.36	只是
398	472	40.38	夠
399	471	40.41	決定
400	469	40.44	考
401	469	40.46	是個
402	463	40.49	，所以
403	463	40.51	原因
404	462	40.53	路
405	461	40.55	只要
406	461	40.57	：“
407	460	40.60	就要
408	457	40.62	一定
409	457	40.64	看到
410	456	40.66	段
411	455	40.68	"
412	454	40.69	美
413	453	40.72	不是
414	452	40.74	這麼
415	452	40.76	有關
416	450	40.78	——
417	450	40.80	重
418	448	40.83	也是
419	448	40.85	結束
420	447	40.88	賣
421	444	40.90	一種
422	444	40.92	甚至
423	444	40.94	努力
424	443	40.97	認識
425	442	40.99	還要
426	442	41.02	常
427	439	41.04	方面
428	438	41.06	不僅
429	438	41.07	一邊
430	438	41.09	鐘
431	437	41.11	另
432	437	41.13	車
433	437	41.15	交流
434	435	41.17	老
435	432	41.19	了。
436	431	41.21	讓我
437	429	41.23	內
438	427	41.25	所有
439	425	41.27	辦
440	425	41.29	量
441	422	41.31	物
442	422	41.32	化
443	421	41.34	作爲
444	420	41.36	結果
445	420	41.38	好像
446	414	41.40	不同
447	412	41.42	裡
448	412	41.44	儘管
449	411	41.46	只能
450	411	41.48	氣
451	410	41.50	不會
452	408	41.52	內容
453	408	41.53	出來
454	408	41.55	除了
455	407	41.57	仍然
456	407	41.59	外
457	406	41.60	各
458	405	41.62	我想
459	405	41.65	我覺得
460	404	41.67	試
461	404	41.69	提
462	403	41.71	聊天
463	402	41.73	這裏
464	400	41.75	往
465	398	41.76	如
466	396	41.78	是在
467	395	41.80	下來
468	395	41.82	動
469	394	41.83	頭
470	392	41.85	站
471	392	41.87	週
472	391	41.89	身
473	391	41.91	特別
474	390	41.93	關
475	390	41.95	那個
476	390	41.97	曾
477	389	41.99	，但
478	387	42.00	的事情
479	387	42.02	程
480	384	42.04	有些
481	383	42.06	主
482	382	42.07	之間
483	381	42.09	口
484	380	42.11	就能
485	380	42.13	明
486	379	42.15	也很
487	378	42.17	一位
488	377	42.19	天氣
489	375	42.21	大概
490	375	42.23	情況
491	375	42.25	數
492	374	42.26	會有
493	374	42.28	許
494	372	42.30	言
495	369	42.32	店
496	369	42.33	品
497	368	42.35	活動
498	368	42.37	幫助
499	368	42.39	……
500	367	42.41	算
501	365	42.43	方式
502	364	42.45	害
503	363	42.46	開心
504	363	42.48	後來
505	363	42.50	色
506	363	42.52	想法
507	362	42.54	都很
508	361	42.56	晚
509	360	42.58	不能
510	359	42.60	也有
511	359	42.62	拍
512	358	42.64	一名
513	357	42.66	錢
514	356	42.68	利
515	356	42.69	朋友
516	356	42.71	想要
517	356	42.73	如何
518	355	42.75	令人
519	354	42.77	導致
520	354	42.79	念
521	354	42.81	每天
522	353	42.82	根據
523	353	42.84	什
524	353	42.86	的時間
525	351	42.88	差
526	349	42.89	遊
527	348	42.91	然而
528	347	42.93	它們
529	347	42.94	幾
530	347	42.96	時，
531	346	42.97	聲
532	345	42.99	級
533	345	43.01	實
534	345	43.03	都要
535	344	43.05	上了
536	344	43.06	取
537	343	43.08	留
538	343	43.10	僅
539	341	43.12	思
540	340	43.14	挺
541	340	43.16	常常
542	340	43.18	我會
543	339	43.20	餐
544	339	43.21	員
545	336	43.23	持
546	336	43.24	那些
547	335	43.26	愛
548	334	43.28	久
549	334	43.30	而是
550	334	43.31	區
551	333	43.33	, 
552	333	43.34	步
553	331	43.36	越
554	330	43.37	出現
555	329	43.39	讓人
556	329	43.41	人們
557	328	43.43	見面
558	328	43.44	活
559	327	43.46	漢
560	326	43.48	詞
561	323	43.50	的很
562	323	43.51	及
563	322	43.53	早
564	320	43.54	?
565	319	43.56	呆
566	318	43.58	已
567	317	43.59	是因爲
568	317	43.61	我在
569	317	43.62	運
570	316	43.64	曾經
571	315	43.65	公
572	314	43.67	遇到
573	314	43.69	流
574	313	43.70	意思
575	313	43.72	無論
576	310	43.73	的，
577	309	43.75	也許
578	305	43.76	十分
579	304	43.78	你們
580	304	43.80	堅持
581	303	43.82	遇
582	303	43.83	選擇
583	303	43.84	；
584	303	43.86	容易
585	303	43.87	片
586	301	43.88	為
587	301	43.89	比如
588	301	43.91	的時候，
589	300	43.92	幾乎
590	300	43.94	當時
591	298	43.95	足
592	298	43.96	擁
593	297	43.98	整
594	297	43.99	日本
595	297	44.01	過了
596	296	44.03	倒
597	295	44.04	在一起
598	295	44.06	穿
599	295	44.08	畫
600	293	44.10	弄
601	293	44.11	手
602	293	44.13	考試
603	292	44.14	部分
604	292	44.16	完全
605	290	44.17	食物
606	290	44.18	某
607	289	44.20	文章
608	288	44.21	校
609	288	44.23	題
610	287	44.25	真是
611	287	44.26	左右
612	287	44.27	一家
613	286	44.29	介紹
614	286	44.31	得很
615	286	44.32	裝
616	286	44.34	對我
617	286	44.35	影響
618	286	44.37	都有
619	285	44.38	晚上
620	285	44.40	產
621	284	44.41	這種
622	284	44.42	業
623	283	44.44	女
624	283	44.45	關係
625	282	44.47	提供
626	281	44.48	馬上
627	281	44.49	嚴重
628	281	44.51	每個
629	281	44.52	，在
630	280	44.53	塊
631	280	44.55	機
632	279	44.56	竟然
633	278	44.58	第二
634	278	44.59	後，
635	278	44.61	過得
636	277	44.63	是一個
637	277	44.64	，是
638	276	44.66	呢？
639	276	44.67	突然
640	275	44.69	幫我
641	274	44.70	原來
642	274	44.72	困
643	274	44.73	好好
644	274	44.75	有很多
645	273	44.76	忙
646	272	44.78	難
647	272	44.79	擁有
648	271	44.80	產生
649	271	44.82	果
650	271	44.83	水
651	270	44.84	單
652	270	44.86	結
653	270	44.87	明白
654	270	44.88	本來
655	268	44.90	句
656	268	44.91	造
657	267	44.93	我要
658	266	44.95	裏，
659	266	44.96	臺
660	266	44.98	和我
661	265	44.99	裏面
662	265	45.00	計劃
663	265	45.02	近
664	264	45.03	他的
665	264	45.04	自己的
666	264	45.06	聊
667	264	45.07	目前
668	264	45.08	原
669	263	45.10	騎
670	263	45.11	擔心
671	262	45.13	合
672	262	45.14	很少
673	260	45.15	任何
674	259	45.17	一天
675	259	45.18	睡
676	259	45.20	公司
677	258	45.21	確
678	257	45.22	孩
679	257	45.23	照
680	256	45.25	始
681	256	45.26	離開
682	256	45.28	歌
683	256	45.29	比賽
684	256	45.31	嗎？
685	255	45.32	啦
686	255	45.34	約
687	254	45.35	身體
688	254	45.36	項
689	254	45.37	雖
690	254	45.39	觀
691	254	45.40	親
692	253	45.41	低
693	253	45.43	隊
694	252	45.44	型
695	252	45.45	嘗
696	252	45.46	了很
697	252	45.48	演
698	251	45.49	適
699	251	45.50	就算
700	251	45.51	據
701	251	45.53	的問題
702	251	45.54	修改
703	251	45.55	轉
704	251	45.57	做了
705	250	45.58	來了
706	250	45.60	輕
707	250	45.61	表達
708	249	45.62	孩子
709	249	45.63	空
710	247	45.65	不好
711	246	45.66	代
712	246	45.67	雨
713	246	45.69	將會
714	246	45.70	會很
715	246	45.71	受到
716	245	45.72	帶來
717	245	45.74	趣
718	244	45.75	工
719	244	45.76	下去
720	244	45.77	表
721	243	45.78	直到
722	243	45.79	，而且
723	243	45.80	乘
724	243	45.82	歲
725	243	45.83	都能
726	242	45.84	標
727	241	45.85	庭
728	241	45.87	居
729	241	45.88	爲什麼
730	240	45.90	很難
731	240	45.91	，這
732	239	45.92	清
733	239	45.93	指
734	239	45.94	，就
735	238	45.96	一件
736	238	45.97	傳
737	238	45.98	平
738	238	45.99	發展
739	238	46.01	!
740	238	46.02	它的
741	238	46.03	語言
742	237	46.04	令
743	237	46.06	的東西
744	236	46.07	參觀
745	236	46.08	大學
746	236	46.10	看看
747	235	46.11	練
748	235	46.13	負責
749	235	46.14	的機會
750	234	46.15	國家
751	234	46.16	舉行
752	234	46.17	士
753	234	46.18	仍
754	233	46.20	等等
755	233	46.21	更加
756	232	46.22	看起來
757	232	46.23	獲得
758	231	46.25	建議
759	231	46.26	趕
760	230	46.27	找到
761	230	46.28	特
762	230	46.30	任
763	230	46.31	裏的
764	230	46.32	壞
765	230	46.34	熱
766	230	46.35	依然
767	229	46.36	根
768	229	46.37	班
769	228	46.39	很好
770	228	46.40	旅遊
771	228	46.41	別人
772	228	46.42	只好
773	227	46.44	願
774	227	46.45	那樣
775	227	46.46	學生
776	227	46.47	停
777	227	46.48	的話，
778	227	46.49	過去
779	227	46.51	在中國
780	226	46.52	包括
781	226	46.53	住了
782	226	46.54	造成
783	226	46.56	不錯
784	226	46.57	輛
785	225	46.58	經歷
786	225	46.59	機會
787	225	46.61	要去
788	224	46.62	發生了
789	224	46.63	，也
790	223	46.64	很快
791	223	46.65	強
792	223	46.66	就像
793	223	46.67	不知道
794	222	46.68	要求
795	222	46.70	，他
796	222	46.71	就可以
797	222	46.72	友
798	221	46.73	風
799	221	46.75	換
800	220	46.76	格
801	220	46.77	說話
802	220	46.78	犯
803	218	46.80	還會
804	218	46.81	節目
805	218	46.82	章
806	218	46.84	我就
807	218	46.85	重新
808	218	46.86	這次
809	217	46.87	環境
810	217	46.88	習慣
811	217	46.89	半
812	217	46.90	，然後
813	217	46.91	網
814	216	46.93	信
815	216	46.94	食
816	215	46.95	的工作
817	215	46.96	旅行
818	214	46.97	不但
819	213	46.98	方法
820	212	46.99	完成
821	212	47.00	最終
822	211	47.01	較
823	211	47.03	假
824	211	47.03	展
825	211	47.05	的原因
826	211	47.06	保持
827	210	47.07	封
828	210	47.08	附近
829	210	47.09	平時
830	210	47.11	花了
831	209	47.12	之一
832	209	47.13	上班
833	209	47.14	普通
834	209	47.16	貴
835	208	47.17	很大
836	208	47.18	通常
837	208	47.19	舉辦
838	208	47.20	存在
839	207	47.21	兩個
840	207	47.23	:
841	207	47.23	求
842	207	47.25	上的
843	207	47.25	至
844	207	47.26	每次
845	207	47.28	說得
846	206	47.29	實現
847	206	47.30	我還
848	206	47.31	日子
849	206	47.32	義
850	206	47.33	除
851	205	47.34	上課
852	205	47.36	一個人
853	205	47.37	劇
854	204	47.38	望
855	204	47.39	一部
856	203	47.40	跑
857	202	47.41	以爲
858	202	47.42	經過
859	202	47.43	故事
860	202	47.44	尋
861	202	47.45	接着
862	201	47.47	了很多
863	201	47.48	靠
864	201	47.48	論
865	201	47.50	清楚
866	201	47.51	遠
867	200	47.52	到底
868	200	47.53	養
869	200	47.54	決
870	199	47.55	期間
871	199	47.56	早上
872	199	47.57	要是
873	199	47.58	落
874	199	47.59	市
875	199	47.60	理解
876	199	47.61	稱
877	198	47.62	二
878	198	47.63	吃飯
879	198	47.64	戴
880	197	47.65	許多
881	197	47.66	無
882	197	47.67	樂
883	196	47.68	有了
884	196	47.69	查
885	196	47.70	止
886	196	47.71	接受
887	196	47.72	如此
888	196	47.73	而言
889	196	47.74	擇
890	195	47.75	昨
891	195	47.76	球
892	194	47.77	，但是
893	194	47.78	願意
894	194	47.79	當然
895	194	47.80	即
896	194	47.80	隨着
897	194	47.82	了一個
898	194	47.83	首先
899	194	47.84	再次
900	193	47.85	說的
901	193	47.86	把它
902	193	47.87	知識
903	193	47.88	遍
904	193	47.89	短
905	193	47.90	出發
906	193	47.91	酒
907	192	47.92	象
908	192	47.92	」
909	192	47.93	儘
910	191	47.95	唱
911	191	47.96	用來
912	191	47.96	相關
913	190	47.97	成了
914	190	47.98	注意
915	190	47.99	味
916	190	48.00	深
917	189	48.01	山
918	189	48.02	音
919	189	48.03	景
920	189	48.04	住在
921	189	48.05	談
922	189	48.06	，並
923	188	48.07	商
924	188	48.08	，還
925	188	48.09	錯
926	188	48.10	了解
927	187	48.11	還在
928	187	48.12	表示
929	187	48.13	極
930	187	48.14	目
931	186	48.15	是不是
932	186	48.17	難道
933	186	48.18	會去
934	186	48.19	位於
935	185	48.20	，並且
936	185	48.21	喜
937	185	48.22	越來越
938	185	48.23	大約
939	184	48.24	傷
940	184	48.25	有時
941	184	48.26	泡
942	184	48.27	不管
943	184	48.28	客
944	183	48.29	反而
945	183	48.30	自從
946	183	48.31	里
947	183	48.32	職
948	183	48.33	似乎
949	182	48.34	她的
950	182	48.34	能力
951	181	48.35	敢
952	181	48.36	，然
953	181	48.37	要做
954	181	48.38	民
955	180	48.39	下了
956	180	48.40	樓
957	180	48.41	希
958	180	48.42	絡
959	179	48.43	第一
960	179	48.44	而已
961	179	48.45	高興
962	178	48.46	選
963	178	48.47	十
964	178	48.48	舉
965	177	48.49	所在
966	177	48.50	有人
967	177	48.51	的。
968	177	48.51	視
969	176	48.52	旅
970	176	48.53	上，
971	176	48.54	看了
972	176	48.55	中，
973	175	48.56	解決
974	175	48.57	，有
975	175	48.58	所以我
976	175	48.59	收到
977	175	48.60	第一次
978	175	48.61	的樣子
979	175	48.62	存
980	175	48.63	棒
981	175	48.64	就開始
982	174	48.65	按
983	174	48.66	那是
984	174	48.67	來說，
985	174	48.68	一直在
986	173	48.69	滿
987	173	48.70	己
988	173	48.71	歡
989	173	48.72	一段
990	173	48.73	進入
991	172	48.74	狀
992	172	48.74	方便
993	172	48.75	從事
994	172	48.76	所以，
995	171	48.77	回到
996	171	48.78	建
997	171	48.79	共
998	170	48.80	成績
999	170	48.81	堂
1000	170	48.82	呀
1001	170	48.83	之類
1002	170	48.84	但是，
1003	169	48.85	非
1004	169	48.86	老師
1005	169	48.87	必
1006	169	48.87	誤
1007	169	48.88	來的
1008	169	48.89	居然
1009	169	48.90	屬於
1010	169	48.91	彼此
1011	168	48.92	支
1012	168	48.93	戶
1013	168	48.94	好的
1014	167	48.94	隨
1015	167	48.95	會在
1016	167	48.96	聚
1017	167	48.97	很有
1018	167	48.98	聯繫
1019	166	48.99	是什麼
1020	166	49.00	館
1021	166	49.01	實在
1022	166	49.02	口語
1023	166	49.03	買了
1024	165	49.04	了一
1025	165	49.05	整個
1026	165	49.06	季
1027	165	49.07	瞭
1028	164	49.08	房子
1029	164	49.09	幸
1030	164	49.10	直接
1031	164	49.11	差不多
1032	164	49.11	人的
1033	164	49.12	跳
1034	164	49.13	立
1035	163	49.14	那就
1036	163	49.15	起了
1037	163	49.16	室
1038	163	49.17	的故事
1039	162	49.17	更多
1040	162	49.19	句子
1041	162	49.19	在這裏
1042	162	49.20	，因爲
1043	161	49.21	，而
1044	161	49.22	幾個
1045	161	49.23	知
1046	161	49.24	解
1047	161	49.24	製
1048	161	49.25	調
1049	160	49.26	未
1050	160	49.27	城
1051	160	49.28	課程
1052	159	49.29	寫的
1053	159	49.30	或許
1054	159	49.30	對方
1055	159	49.31	互相
1056	159	49.32	我也
1057	159	49.33	曲
1058	159	49.34	分別
1059	159	49.35	號
1060	159	49.36	爲止
1061	158	49.37	運動
1062	158	49.38	這樣的
1063	158	49.38	每當
1064	158	49.39	具有
1065	158	49.40	溫
1066	158	49.41	失
1067	158	49.42	最好
1068	158	49.43	主要
1069	157	49.43	不要
1070	157	49.45	包
1071	157	49.45	的內容
1072	157	49.46	哦
1073	157	49.47	雙
1074	157	49.48	逛
1075	157	49.49	大的
1076	157	49.50	那天
1077	157	49.51	期待
1078	157	49.52	刻
1079	156	49.53	獲
1080	156	49.54	可能會
1081	156	49.55	冷
1082	156	49.56	不用
1083	156	49.57	適合
1084	156	49.58	幫忙
1085	156	49.58	三
1086	155	49.59	散步
1087	155	49.60	飛
1088	155	49.61	確實
1089	155	49.62	將要
1090	155	49.63	初
1091	155	49.64	院
1092	155	49.65	多了
1093	155	49.66	的意思
1094	155	49.67	電影
1095	155	49.68	雪
1096	154	49.69	專業
1097	154	49.70	有趣
1098	154	49.71	誰
1099	154	49.71	肯定
1100	154	49.72	爬
1101	154	49.74	很高興
1102	153	49.74	有個
1103	153	49.75	舒服
1104	153	49.76	明天
1105	153	49.77	師
1106	153	49.78	例
1107	153	49.79	就在
1108	152	49.79	有的
1109	152	49.80	重要
1110	152	49.81	形
1111	152	49.82	開始，
1112	152	49.82	那時
1113	152	49.83	中的
1114	152	49.84	漂亮
1115	152	49.85	有很
1116	152	49.86	至少
1117	151	49.87	我很
1118	151	49.87	多的
1119	151	49.88	痛
1120	150	49.89	保
1121	150	49.90	排
1122	150	49.91	製作
1123	150	49.91	案
1124	150	49.92	具
1125	150	49.93	快樂
1126	149	49.94	質
1127	149	49.95	推薦
1128	149	49.96	會兒
1129	149	49.97	旁
1130	149	49.97	印象
1131	149	49.98	興
1132	149	49.99	參加了
1133	148	50.00	距離
1134	148	50.01	電
1135	147	50.02	功
1136	147	50.03	也要
1137	147	50.03	樣子
1138	146	50.04	過的
1139	146	50.05	狗
1140	146	50.06	租
1141	146	50.07	閒
1142	145	50.08	回家
1143	145	50.09	臨
1144	145	50.09	容
1145	145	50.10	管
1146	144	50.11	的生活
1147	144	50.12	研究
1148	144	50.12	不得不
1149	144	50.13	眼
1150	144	50.14	考慮
1151	143	50.15	一開始
1152	143	50.16	麻煩
1153	143	50.17	在那裏
1154	143	50.17	做的
1155	143	50.18	不了
1156	142	50.19	元
1157	142	50.20	各種
1158	142	50.20	顯
1159	142	50.21	的感覺
1160	142	50.22	息
1161	142	50.23	預
1162	141	50.24	改變
1163	141	50.24	寄
1164	141	50.25	服
1165	141	50.26	文化
1166	140	50.26	切
1167	140	50.27	纔會
1168	140	50.28	款
1169	140	50.29	搬
1170	139	50.30	出了
1171	139	50.31	其它
1172	139	50.31	的文章
1173	138	50.32	學了
1174	138	50.33	媽
1175	138	50.34	日記
1176	138	50.35	樹
1177	138	50.36	準
1178	138	50.37	有沒有
1179	137	50.37	科
1180	137	50.38	也能
1181	137	50.39	中國的
1182	137	50.39	僅僅
1183	137	50.40	背
1184	137	50.41	祝
1185	137	50.42	個人
1186	136	50.42	集
1187	136	50.43	感受
1188	136	50.44	變成
1189	136	50.45	須
1190	136	50.45	過來
1191	136	50.46	簡單
1192	136	50.47	我是
1193	135	50.48	進步
1194	135	50.49	取得
1195	135	50.49	，我們
1196	135	50.50	的書
1197	135	50.51	看來
1198	135	50.52	很久
1199	135	50.52	安
1200	135	50.53	一共
1201	135	50.54	回答
1202	134	50.55	是我
1203	134	50.56	倆
1204	134	50.57	已經有
1205	134	50.58	白
1206	134	50.58	反
1207	134	50.59	出去
1208	133	50.60	擅長
1209	133	50.61	好了
1210	133	50.61	相比
1211	133	50.62	根本
1212	133	50.63	費
1213	133	50.64	學校
1214	133	50.64	類似
1215	133	50.65	因此，
1216	133	50.66	室友
1217	133	50.67	名字
1218	132	50.68	爲什
1219	132	50.69	解釋
1220	132	50.69	之所以
1221	132	50.70	另外，
1222	131	50.71	踢
1223	131	50.72	「
1224	131	50.72	一場
1225	131	50.73	電視
1226	131	50.74	病
1227	131	50.74	增
1228	131	50.75	我對
1229	130	50.76	況
1230	130	50.77	從來
1231	130	50.77	死
1232	130	50.78	困難
1233	130	50.79	之後，
1234	130	50.79	心情
1235	130	50.80	尤其
1236	130	50.81	信息
1237	130	50.81	幹
1238	130	50.82	注
1239	129	50.83	慢慢
1240	129	50.84	一篇
1241	129	50.84	在那
1242	129	50.85	休息
1243	129	50.86	的方式
1244	129	50.87	思考
1245	129	50.88	到現在
1246	129	50.88	味道
1247	129	50.89	到的
1248	129	50.90	達到
1249	128	50.90	他們的
1250	128	50.91	增加
1251	128	50.92	一份
1252	128	50.92	般
1253	128	50.93	依
1254	128	50.94	激
1255	127	50.94	了一下
1256	127	50.95	句話
1257	127	50.96	總之
1258	127	50.97	安排
1259	127	50.97	健康
1260	127	50.98	層
1261	127	50.99	不到
1262	127	50.99	鍛鍊
1263	127	51.00	禮
1264	126	51.01	，很
1265	126	51.02	報道
1266	126	51.02	大部分
1267	126	51.03	以來
1268	126	51.04	舊
1269	126	51.04	但我
1270	126	51.05	的漢語
1271	126	51.06	討論
1272	126	51.06	程度
1273	125	51.07	相信
1274	125	51.08	搭
1275	125	51.09	透
1276	125	51.09	這件事
1277	125	51.10	學會
1278	125	51.11	線
1279	125	51.11	圍
1280	125	51.12	並不
1281	125	51.13	媽媽
1282	125	51.13	能讓
1283	125	51.14	別的
1284	125	51.15	附
1285	124	51.16	一本
1286	124	51.17	那兒
1287	124	51.17	給他
1288	124	51.18	另一個
1289	124	51.19	看法
1290	124	51.20	棟
1291	124	51.20	的情況
1292	124	51.21	金
1293	123	51.21	怕
1294	123	51.22	，她
1295	123	51.23	用了
1296	123	51.24	剛剛
1297	123	51.25	回來
1298	123	51.25	試着
1299	123	51.26	顧
1300	123	51.27	按照
1301	123	51.27	馬
1302	122	51.28	照顧
1303	122	51.29	也就
1304	122	51.29	導
1305	122	51.30	制
1306	122	51.31	表現
1307	122	51.31	這讓
1308	122	51.32	申請
1309	122	51.33	含
1310	122	51.33	姓
1311	122	51.34	啊！
1312	122	51.35	表演
1313	122	51.36	怪
1314	122	51.36	不同的
1315	121	51.37	有着
1316	121	51.37	懷
1317	121	51.38	豐富
1318	121	51.39	聽說
1319	121	51.39	底
1320	121	51.40	凌晨
1321	120	51.41	賽
1322	120	51.41	盛
1323	120	51.42	件事
1324	120	51.43	剩
1325	120	51.44	父母
1326	119	51.44	際
1327	119	51.45	得了
1328	119	51.45	。我
1329	119	51.46	有什麼
1330	119	51.47	怎麼樣
1331	119	51.48	吃了
1332	119	51.48	狀況
1333	119	51.49	借
1334	119	51.50	你的
1335	119	51.51	處理
1336	119	51.51	否
1337	119	51.52	昨天
1338	118	51.53	不過，
1339	118	51.53	因爲我
1340	118	51.54	示
1341	118	51.55	裏有
1342	118	51.55	使得
1343	118	51.56	值得
1344	118	51.56	感興趣
1345	118	51.57	還能
1346	118	51.58	來到
1347	117	51.58	交談
1348	117	51.59	下午
1349	117	51.59	籍
1350	117	51.60	朝
1351	117	51.61	路上
1352	117	51.62	去過
1353	117	51.62	對我來說
1354	117	51.63	從而
1355	117	51.63	處於
1356	116	51.64	議
1357	116	51.64	它是
1358	116	51.65	&gt;
1359	116	51.65	代表
1360	116	51.66	目標
1361	116	51.67	我都
1362	116	51.68	一定要
1363	115	51.68	享受
1364	115	51.69	肯
1365	115	51.69	此外
1366	115	51.70	洗
1367	115	51.71	有所
1368	115	51.71	散
1369	115	51.72	的朋友
1370	115	51.73	的一
1371	115	51.73	家裏
1372	115	51.74	房間
1373	115	51.75	行爲
1374	114	51.75	材
1375	114	51.76	四
1376	114	51.76	辦法
1377	114	51.77	討厭
1378	114	51.78	就去
1379	114	51.78	跟我
1380	114	51.79	一定會
1381	114	51.80	身上
1382	114	51.80	假期
1383	114	51.81	辛
1384	114	51.82	觀點
1385	114	51.82	不太
1386	114	51.83	圖
1387	114	51.84	寒
1388	114	51.84	訝
1389	113	51.85	過程
1390	113	51.86	猜
1391	113	51.86	謝
1392	113	51.87	照片
1393	113	51.88	城市
1394	113	51.88	覺得很
1395	113	51.89	否則
1396	112	51.89	原本
1397	112	51.90	了一些
1398	112	51.91	覆
1399	112	51.91	來，
1400	112	51.92	，還有
1401	112	51.93	說明
1402	112	51.93	放棄
1403	112	51.94	於是，
1404	112	51.95	和她
1405	112	51.95	一隻
1406	112	51.96	的中文
1407	112	51.97	精神
1408	111	51.97	服務
1409	111	51.98	像是
1410	111	51.99	搞
1411	111	52.00	，它
1412	111	52.00	經濟
1413	111	52.01	擔
1414	111	52.01	全部
1415	111	52.02	五
1416	111	52.03	有一個
1417	111	52.03	陪
1418	111	52.04	剩下
1419	111	52.05	用中文
1420	111	52.05	開車
1421	111	52.06	有時候
1422	111	52.07	再也
1423	111	52.07	叫做
1424	111	52.08	未來
1425	110	52.08	和他
1426	110	52.09	餐廳
1427	110	52.10	休
1428	110	52.11	給她
1429	110	52.11	界
1430	110	52.12	夜
1431	110	52.12	拉
1432	110	52.13	侯
1433	110	52.14	火
1434	110	52.14	也可以
1435	110	52.15	母
1436	110	52.15	付
1437	110	52.16	給你
1438	110	52.17	扔
1439	110	52.17	系
1440	110	52.18	風格
1441	109	52.19	就有
1442	109	52.19	出生
1443	109	52.20	精
1444	109	52.21	一切
1445	109	52.21	棵
1446	109	52.22	留下
1447	109	52.23	園
1448	109	52.23	太多
1449	109	52.24	認真
1450	109	52.24	遊戲
1451	109	52.25	她們
1452	109	52.26	請問
1453	109	52.26	起，
1454	109	52.27	設
1455	109	52.28	合適
1456	109	52.28	慢
1457	109	52.29	說法
1458	108	52.30	英語
1459	108	52.30	說，
1460	108	52.31	作品
1461	108	52.31	西
1462	108	52.32	也沒有
1463	108	52.33	產生了
1464	108	52.33	當我
1465	108	52.34	帶着
1466	107	52.34	亮
1467	107	52.35	速
1468	107	52.35	消
1469	107	52.36	在這
1470	107	52.37	版
1471	107	52.37	一會兒
1472	107	52.38	族
1473	107	52.38	體驗
1474	107	52.39	育
1475	107	52.40	嘗試
1476	107	52.40	俗
1477	107	52.41	長得
1478	107	52.41	允許
1479	107	52.42	一箇
1480	107	52.43	進行了
1481	106	52.43	組
1482	106	52.44	也不
1483	106	52.45	沒辦法
1484	106	52.45	出現了
1485	106	52.46	的到來
1486	106	52.47	開了
1487	106	52.47	碗
1488	106	52.48	之處
1489	106	52.48	那種
1490	106	52.49	興趣
1491	106	52.50	臉
1492	106	52.50	偶爾
1493	106	52.51	配
1494	105	52.52	恢復
1495	105	52.52	房
1496	105	52.53	度過
1497	105	52.53	持續
1498	105	52.54	牠
1499	105	52.55	杯
1500	105	52.55	結婚
1501	105	52.56	海
1502	105	52.56	狀態
1503	104	52.57	不斷
1504	104	52.57	燒
1505	104	52.58	一年
1506	104	52.59	創
1507	104	52.59	會變得
1508	104	52.60	團
1509	104	52.61	支持
1510	104	52.61	項目
1511	104	52.62	起牀
1512	104	52.62	來看
1513	104	52.63	吵
1514	103	52.64	哪裏
1515	103	52.64	消息
1516	103	52.65	的呢
1517	103	52.65	欣賞
1518	103	52.66	彈
1519	103	52.67	閱
1520	103	52.67	盡
1521	103	52.68	命
1522	103	52.68	多少
1523	102	52.69	想起
1524	102	52.69	零
1525	102	52.70	時期
1526	102	52.70	男
1527	102	52.71	同樣
1528	102	52.72	新聞
1529	102	52.72	更多的
1530	102	52.73	測
1531	102	52.74	驗
1532	102	52.74	卡
1533	102	52.75	-
1534	102	52.75	吧！
1535	102	52.76	世界
1536	101	52.76	令我
1537	101	52.77	故
1538	101	52.77	果然
1539	101	52.78	證
1540	101	52.78	衣服
1541	101	52.79	走了
1542	101	52.79	在我
1543	101	52.80	升
1544	101	52.81	心裏
1545	101	52.81	新的
1546	100	52.82	顆
1547	100	52.82	糟糕
1548	100	52.83	感到很
1549	100	52.83	見到
1550	100	52.84	套
1551	100	52.85	麗
1552	100	52.85	旦
1553	100	52.86	翻譯
1554	100	52.86	彙
1555	100	52.87	充滿
1556	100	52.87	大陸
1557	100	52.88	降
1558	100	52.89	會讓
1559	100	52.89	註冊
1560	100	52.90	佔
1561	100	52.91	聞
1562	100	52.91	愉快
1563	100	52.92	改善
1564	100	52.92	超
1565	100	52.93	慶
1566	100	52.93	善
1567	99	52.94	或是
1568	99	52.95	還可以
1569	99	52.95	例如
1570	99	52.96	態度
1571	99	52.96	寫作
1572	99	52.97	吃的
1573	99	52.97	務
1574	99	52.98	都沒有
1575	99	52.98	候，
1576	99	52.99	良
1577	99	52.99	對話
1578	99	53.00	艱
1579	99	53.01	報
1580	99	53.01	留學
1581	99	53.02	丟
1582	99	53.02	價
1583	98	53.03	利用
1584	98	53.03	旁邊
1585	98	53.04	響
1586	98	53.04	提出
1587	98	53.05	了個
1588	98	53.05	衆
1589	98	53.06	花費
1590	98	53.06	上去
1591	98	53.07	終
1592	98	53.07	午
1593	97	53.08	檢
1594	97	53.09	提前
1595	97	53.09	其他的
1596	97	53.10	怎樣
1597	97	53.11	的學生
1598	97	53.11	肉
1599	97	53.12	快要
1600	96	53.13	的方法
